Results 108 exam series questions
success rate for
qwen2.5-3b-instruct: 0.42592592592592593
qwen2.5-7b-instruct: 0.48148148148148145
qwen-coder-32B-instruct: 0.39814814814814814
qwen2.5-32B-instruct: 0.49074074074074076